14
NULL 0 NULL 0
Joined 0 0,255,0,255,0,0,0,0,0,0 NULL 0 0 0 	# Joined [4a 6f 69 6e 65 64 ]
|Broken|0|1 0 0,255,0,255,0,0,0,0,0,0 NULL 0 0 0 	# Broken
3 8 0,255,0,255,0,0,0,0,0,0 NULL 3 0 0 	# 3 [33 ]0
2 8 0,255,0,255,0,0,0,0,0,0 NULL 4 0 0 	# 2 [32 ]0
1 8 0,255,0,255,0,0,0,0,0,0 NULL 5 0 0 	# 1 [31 ]0
5 8 0,255,0,255,0,0,0,0,0,0 NULL 6 0 0 	# 5 [35 ]0
0 8 0,255,0,255,0,0,0,0,0,0 NULL 7 0 0 	# 0 [30 ]0
8 8 0,255,0,255,0,0,0,0,0,0 NULL 8 0 0 	# 8 [38 ]0
6 8 0,255,0,255,0,0,0,0,0,0 NULL 9 0 0 	# 6 [36 ]0
7 8 0,255,0,255,0,0,0,0,0,0 NULL 10 0 0 	# 7 [37 ]0
4 8 0,255,0,255,0,0,0,0,0,0 NULL 11 0 0 	# 4 [34 ]0
9 8 0,255,0,255,0,0,0,0,0,0 NULL 12 0 0 	# 9 [39 ]0
L 5 0,255,0,255,0,0,0,0,0,0 NULL -1 0 0 	# L [4c ]A
